         700002     12             13
         700003     16              9
         700004     20              6
         700005     15             12
         700006     12             11
         700007     15             12
         700008     20             13
         700009     16              7
         700010     11             15
         700011     15              7
         700012     14             15
         700013     19             12
         700014     11             14
         700015     11             11
         700016     10             11
         700017     10             13
         700018     10             10
         700019     11              7
         700020     15             15
         700021     19             10
         700022     11              5
         700023     16              5
         700024     20              8
         700025     15             10
         700026     18              7
         700027     18              9
         700028     10              5
         700029     19              6
         700030     15             13
         700031     10              7
         700032     13             15
         700033     19              5
         700034     20              8
         700035     13              8
         700036     10              6
         700037     19             11
         700038     17              7
         700039     12             15
         700040     14             13
         700041     14             13
         700042     11             11
         700043     16              5
         700044     16             12
         700045     18             10
         700046     18              9
         700047     14             14
         700048     12             14
         700049     20              7
         700050     14             15
         700051     18              6
         700052     16             11
         700053     17              5
         700054     14             10
         700055     19             14
         700056     16              6
         700057     13              8
         700058     14              7
         700059     20             11
         700060     16             12
         700061     16             12
         700062     19              6
         700063     15              5
         700064     19             15
         700065     13             13
         700066     13             10
         700067     20             11
         700068     11              9
         700069     13             11
         700070     16             14
         700071     14              9
         700072     13             10
         700073     17             12
         700074     18              9
         700075     15              7
         700076     10             15
         700077     13             11
         700078     15              9
         700079     12              7
         700080     16             13
         700081     12             14
         700082     11             11
         700083     18             13
         700084     17              9
         700085     18             15
         700086     13             10
         700087     17              5
         700088     16             13
         700089     10             13
         700090     10             15
         700091     15              5
         700092     13             12
         700093     10             10
         700094     10             11
         700095     19              9
         700096     13             13
         700097     20             10
         700098     13              7
         700099     17             13
         700100     19              8
         700101     11              6
         700102     15             11
         700103     10             14
         700104     10             14
         700105     14             13
         700106     12              8
         700107     16              8
         700108     20              8
         700109     20             10
         700110     11             15
         700111     15              9
         700112     10              9
         700113     18              9
         700114     20              6
         700115     17              7
         700116     11              7
         700117     17              9
         700118     10             15
         700119     10             15
         700120     10             15
