                       Vehiculo 1
-------------------------------------------------------
    Cap. Actual        Cap. Maxima        Velocidad
         0                 100               40

                   RUTA DE CLIENTES
-------------------------------------------------------
                       1) 3
                       2) 9
                       3) 20
                       4) 36
                       5) 57
                       6) 83
                       7) 114
                       8) 51
                       9) 92
                      10) 53
                      11) 104
                      12) 114
                      13) 76
                      14) 79
                      15) 85
                      16) 114
                      17) 96
                      18) 97
                      19) 101
                      20) 105
                      21) 105
                      22) 110
                      23) 113
                      24) 119
-------------------------------------------------------
    Tiempo total requerido: 0
=======================================================
                       Vehiculo 2
-------------------------------------------------------
    Cap. Actual        Cap. Maxima        Velocidad
         0                 100               40

                   RUTA DE CLIENTES
-------------------------------------------------------
                       1) 4
                       2) 11
                       3) 23
                       4) 40
                       5) 62
                       6) 89
                       7) 42
                       8) 79
                       9) 56
                      10) 103
                      11) 69
                      12) 108
                      13) 62
                      14) 75
                      15) 77
                      16) 89
                      17) 92
                      18) 94
                      19) 114
                      20) 112
                      21) 112
                      22) 117
                      23) 117
                      24) 119
-------------------------------------------------------
    Tiempo total requerido: 0
=======================================================
                       Vehiculo 3
-------------------------------------------------------
    Cap. Actual        Cap. Maxima        Velocidad
         0                 100               40

                   RUTA DE CLIENTES
-------------------------------------------------------
                       1) 5
                       2) 13
                       3) 26
                       4) 44
                       5) 67
                       6) 95
                       7) 86
                       8) 96
                       9) 78
                      10) 60
                      11) 113
                      12) 84
                      13) 90
                      14) 69
                      15) 96
                      16) 113
                      17) 109
                      18) 100
                      19) 118
                      20) 101
                      21) 112
                      22) 118
                      23) 116
                      24) 118
-------------------------------------------------------
    Tiempo total requerido: 0
=======================================================
                       Vehiculo 4
-------------------------------------------------------
    Cap. Actual        Cap. Maxima        Velocidad
         0                 100               40

                   RUTA DE CLIENTES
-------------------------------------------------------
                       1) 6
                       2) 15
                       3) 29
                       4) 48
                       5) 72
                       6) 101
                       7) 88
                       8) 40
                       9) 84
                      10) 76
                      11) 67
                      12) 94
                      13) 101
                      14) 78
                      15) 86
                      16) 88
                      17) 85
                      18) 95
                      19) 106
                      20) 114
                      21) 119
                      22) 117
                      23) 119
                      24) 119
-------------------------------------------------------
    Tiempo total requerido: 0
=======================================================
                       Vehiculo 5
-------------------------------------------------------
    Cap. Actual        Cap. Maxima        Velocidad
         0                 100               40

                   RUTA DE CLIENTES
-------------------------------------------------------
                       1) 7
                       2) 17
                       3) 32
                       4) 52
                       5) 77
                       6) 107
                       7) 119
                       8) 105
                       9) 74
                      10) 60
                      11) 115
                      12) 64
                      13) 117
                      14) 114
                      15) 90
                      16) 81
                      17) 119
                      18) 109
                      19) 107
                      20) 103
                      21) 107
                      22) 113
                      23) 118
-------------------------------------------------------
    Tiempo total requerido: 0
=======================================================
