                       Vehiculo 1
-------------------------------------------------------
    Cap. Actual        Cap. Maxima        Velocidad
        26                 100               40

                   RUTA DE CLIENTES
-------------------------------------------------------
                       1) 3
                       2) 9
                       3) 20
                       4) 107
                       5) 36
                       6) 57
                       7) 83
                       8) 49
                       9) 114
                      10) 31
                      11) 56
                      12) 94
                      13) 16
                      14) 76
                      15) 66
                      16) 28
                      17) 61
                      18) 84
                      19) 68
                      20) 12
                      21) 81
                      22) 38
                      23) 90
                      24) 51
                      25) 96
-------------------------------------------------------
    Tiempo total requerido: 180
=======================================================
                       Vehiculo 2
-------------------------------------------------------
    Cap. Actual        Cap. Maxima        Velocidad
        29                 100               40

                   RUTA DE CLIENTES
-------------------------------------------------------
                       1) 4
                       2) 11
                       3) 23
                       4) 40
                       5) 89
                       6) 92
                       7) 22
                       8) 42
                       9) 71
                      10) 116
                      11) 112
                      12) 50
                      13) 99
                      14) 118
                      15) 10
                      16) 37
                      17) 24
                      18) 74
                      19) 55
                      20) 98
                      21) 69
                      22) 30
                      23) 39
                      24) 0
-------------------------------------------------------
    Tiempo total requerido: 119
=======================================================
                       Vehiculo 3
-------------------------------------------------------
    Cap. Actual        Cap. Maxima        Velocidad
       -87                 100               40

                   RUTA DE CLIENTES
-------------------------------------------------------
                       1) 5
                       2) 13
                       3) 26
                       4) 44
                       5) 91
                       6) 67
                       7) 95
                       8) 86
                       9) 80
                      10) 111
                      11) 104
                      12) 102
                      13) 70
                      14) 27
                      15) 115
                      16) 110
                      17) 46
                      18) 103
-------------------------------------------------------
    Tiempo total requerido: -657
=======================================================
                       Vehiculo 4
-------------------------------------------------------
    Cap. Actual        Cap. Maxima        Velocidad
      -100                 100               40

                   RUTA DE CLIENTES
-------------------------------------------------------
                       1) 63
                       2) 18
                       3) 79
                       4) 29
                       5) 58
                       6) 7
                       7) 48
                       8) 72
                       9) 82
                      10) 21
                      11) 43
                      12) 14
                      13) 75
                      14) 78
                      15) 106
                      16) 97
                      17) 117
                      18) 85
                      19) 60
                      20) 19
-------------------------------------------------------
    Tiempo total requerido: -582
=======================================================
                       Vehiculo 5
-------------------------------------------------------
    Cap. Actual        Cap. Maxima        Velocidad
       132                 100               40

                   RUTA DE CLIENTES
-------------------------------------------------------
                       1) 34
                       2) 17
                       3) 52
                       4) 77
                       5) 62
                       6) 100
                       7) 93
                       8) 53
                       9) 41
                      10) 65
                      11) 105
                      12) 6
                      13) 45
                      14) 119
                      15) 59
                      16) 73
                      17) 108
                      18) 109
                      19) 113
                      20) 8
                      21) 54
                      22) 101
                      23) 64
                      24) 35
                      25) 1
                      26) 15
                      27) 47
                      28) 32
                      29) 88
                      30) 25
                      31) 33
                      32) 87
-------------------------------------------------------
    Tiempo total requerido: 940
=======================================================
